sample_id	transcriptome	cellranger_versiom	Estimated_Number_of_Cells	Mean_Reads_per_Cell	Median_Genes_per_Cell	Number_of_Reads	Valid_Barcodes	Sequencing_Saturation	Q30_Bases_in_Barcode	Q30_Bases_in_RNA_Read	Q30_Bases_in_Sample_Index	Q30_Bases_in_UMI	Reads_Mapped_to_Genome	Reads_Mapped_Confidently_to_Genome	Reads_Mapped_Confidently_to_Intergenic_Regions	Reads_Mapped_Confidently_to_Intronic_Regions	Reads_Mapped_Confidently_to_Exonic_Regions	Reads_Mapped_Confidently_to_Transcriptome	Reads_Mapped_Antisense_to_Gene	Fraction_Reads_in_Cells	Total_Genes_Detected	Median_UMI_Counts_per_Cell
4672STDY6814755	mm10	1.3.1	4632	79620	730	368804456	98.4	95.8	98.2	81.6	91.5	98.3	NA	NA	2.8	8.2	72.1	68.6	NA	79.4	15527	1458
4672STDY6814756	mm10	1.3.1	2269	165883	790	376389244	98.4	97.7	98.6	83.7	91.1	98.7	NA	NA	3.1	7.7	71.1	67.7	NA	79.5	15183	1600
4672STDY7140017	mm10	1.3.1	1061	357120	2617	378905345	98.6	90.8	98.1	84.4	95.9	98	NA	NA	4.5	7.4	76.7	74.3	NA	74.6	16122	11216
4672STDY7140018	mm10	1.3.1	1252	304633	1820	381401272	98.5	91.7	98.2	84.1	96.3	98.1	NA	NA	5.1	7	76.1	73.7	NA	71.8	16091	7697
4672STDY7140019	mm10	1.3.1	1504	253434	2382	381164850	98.5	90.1	98.2	84.7	96	98.1	NA	NA	3.7	7.8	77	74.5	NA	79.2	15989	9614
4672STDY7140020	mm10	1.3.1	813	476500	2210	387395022	98.6	93.3	98.3	86.7	96.5	98.2	NA	NA	4.5	7.3	77.6	75.3	NA	73.4	15730	9527
4672STDY7631188	mm10	2.1.1	1976	184373	1108	364322234	98.3	95.1	97.6	76.4	94.4	97.9	92	83.8	3.7	5.1	75.1	72.7	0.9	73.7	15863	3316
4672STDY7631189	mm10	2.1.1	1541	234379	2233	361178184	98.3	92	97.5	74.8	92.1	97.8	90.3	84.1	3.3	7.4	73.4	71	0.9	73.4	16398	7927
4672STDY7631190	mm10	2.1.1	2237	162316	1070	363102881	98.3	94.4	97.5	77	93.2	97.9	92	84.1	3.6	5.6	75	72.5	1	73.3	16363	3184
4672STDY7631191	mm10	2.1.1	2029	167934	971	340738553	97.6	94.4	97.6	75.3	93.1	97.8	88.5	80.5	4.2	5.4	70.9	68.4	1	66.5	16273	2744
4672STDY7631192	mm10	2.1.1	2315	142799	1569	330581068	98.2	91.5	97.3	73.8	92.5	97.4	87.9	81.7	3.3	6.2	72.3	70	0.9	76.7	16103	5066
4672STDY7631193	mm10	2.1.1	2526	139389	1424	352098869	98.1	92.7	97.8	78.1	94.3	98	90	82.3	3.6	6.7	72	69.5	1.1	71	16126	4101
4672STDY7623907	mm10	2.1.1	1098	329975	3445	362313286	98.7	86.9	97.9	73.5	94.5	98	89.9	83.5	4.1	7.2	72.2	70.1	0.7	65.2	16321	15969
4672STDY7623908	mm10	2.1.1	957	786915	3779	753078127	98.6	93.8	98.2	83.4	95.5	98.3	93.4	86.9	4.3	7.3	75.4	73.2	0.7	66.8	16615	19145
4672STDY7623909	mm10	2.1.1	2863	135545	995	388066314	98.7	93.8	98.4	85.1	96.5	98.5	94.8	85.4	5.4	3.9	76.1	74.4	0.5	79.4	14987	3404
4672STDY7623910	mm10	2.1.1	2499	162727	1261	406656601	98.6	92.2	98.7	84.9	97.3	98.8	95.2	86	5.8	4.5	75.6	73.7	0.5	70.9	15320	4388
4672STDY7623911	mm10	2.1.1	1123	354819	3378	398462469	98.6	88.9	98.6	84.5	96.5	98.7	94.4	87.9	4.3	7.4	76.2	74.1	0.7	70.3	16322	16554
4672STDY7623912	mm10	2.1.1	1074	724849	3639	778488896	98.6	93.6	98.3	84.6	96.5	98.5	94.3	88	4.3	7.4	76.2	74.2	0.7	69.3	16594	18325
4672STDY7623913	mm10	2.1.1	877	444363	2544	389706966	98.7	92.7	98.5	85.2	96.5	98.6	94.5	86.7	5.6	6.2	74.8	72.8	0.6	59	15479	10742
4672STDY7623914	mm10	2.1.1	2179	179941	2183	392092718	98.7	87.1	98.4	86.1	96.4	98.6	95	87	3.8	6.1	77.1	75	0.7	67.7	16212	8588
4672STDY6814755	mm10-3_0_0	3.0.2	4723	78133	670	369025983	98.40	95.60	98.20	81.60	91.50	98.30	90.80	84.00	2.70	8.20	73.10	69.70	2.10	79.90	15684	1342
4672STDY6814756	mm10-3_0_0	3.0.2	2308	163112	658	376464420	98.40	97.40	98.60	83.70	91.10	98.70	91.30	82.90	3.10	7.70	72.10	68.80	2.10	79.90	14682	1330
4672STDY6814755	mm10-3_0_0	3.0.2	4723	78133	670	369025983	98.40	95.60	98.20	81.60	91.50	98.30	90.80	84.00	2.70	8.20	73.10	69.70	2.10	79.90	15684	1342
4672STDY6814756	mm10-3_0_0	3.0.2	2308	163112	658	376464420	98.40	97.40	98.60	83.70	91.10	98.70	91.30	82.90	3.10	7.70	72.10	68.80	2.10	79.90	14682	1330
4672STDY7140017	mm10-1_2_0	3.0.2	2436	155579	1084	378990816	98.60	90.00	98.10	84.40	95.90	98.00	94.60	88.60	4.60	7.50	76.50	74.30	0.80	90.50	16191	4042
4672STDY7140017	mm10-3_0_0	3.0.2	2432	155835	1097	378990816	98.60	90.10	98.10	84.40	95.90	98.00	94.60	89.10	4.40	7.40	77.30	74.90	0.80	90.50	16800	4056
4672STDY7140018	mm10-1_2_0	3.0.2	2536	150514	1121	381705738	98.60	91.00	98.20	84.00	96.30	98.10	94.90	88.20	5.10	7.20	75.90	73.70	0.80	87.50	16189	4149
4672STDY7140018	mm10-3_0_0	3.0.2	2534	150633	1133	381705738	98.60	91.00	98.20	84.00	96.30	98.10	94.90	88.60	5.00	7.00	76.60	74.30	0.80	87.50	16754	4165
4672STDY7140019	mm10-1_2_0	3.0.2	2894	131795	1120	381415556	98.50	89.30	98.20	84.70	96.00	98.10	95.00	88.60	3.80	8.00	76.80	74.50	1.00	92.00	16030	4240
4672STDY7140019	mm10-3_0_0	3.0.2	2896	131704	1129	381415556	98.50	89.40	98.20	84.70	96.00	98.10	95.00	89.00	3.60	7.80	77.60	75.10	1.00	92.00	16619	4254
4672STDY7140020	mm10-1_2_0	3.0.2	1613	240418	1181	387795716	98.60	92.30	98.30	86.70	96.50	98.20	95.40	89.40	4.60	7.50	77.30	75.30	0.70	87.10	15740	4603
4672STDY7140020	mm10-3_0_0	3.0.2	1614	240269	1193	387795716	98.60	92.30	98.30	86.70	96.50	98.20	95.40	89.90	4.50	7.30	78.10	75.90	0.70	87.10	16261	4612
4672STDY7631188	mm10-1_2_0	3.0.2	2815	129421	816	364322234	98.30	94.60	97.60	76.40	94.40	97.90	92.00	83.80	3.70	5.10	75.10	72.70	0.90	80.60	15329	2285
4672STDY7631188	mm10-3_0_0	3.0.2	2808	129744	825	364322234	98.30	94.60	97.60	76.40	94.40	97.90	92.00	84.20	3.50	5.00	75.70	73.20	0.90	80.60	15898	2301
4672STDY7631189	mm10-1_2_0	3.0.2	3876	93183	713	361178184	98.40	91.40	97.50	74.80	92.10	97.80	90.30	84.10	3.30	7.40	73.40	71.00	0.90	87.90	16362	1815
4672STDY7631189	mm10-3_0_0	3.0.2	3899	92633	717	361178184	98.40	91.50	97.50	74.80	92.10	97.80	90.30	84.60	3.10	7.30	74.30	71.70	0.90	88.00	17048	1810
4672STDY7631190	mm10-1_2_0	3.0.2	3262	111312	757	363102881	98.30	93.90	97.50	77.00	93.20	97.90	92.00	84.10	3.60	5.60	75.00	72.50	1.00	81.00	15628	2132
4672STDY7631190	mm10-3_0_0	3.0.2	3241	112034	767	363102881	98.30	93.90	97.50	77.00	93.20	97.90	92.00	84.50	3.40	5.50	75.60	73.10	1.00	80.80	16176	2160
4672STDY7631191	mm10-1_2_0	3.0.2	2654	128386	755	340738553	97.70	94.00	97.60	75.30	93.10	97.80	88.50	80.50	4.20	5.40	70.90	68.40	1.00	71.50	15391	2103
4672STDY7631191	mm10-3_0_0	3.0.2	2680	127141	757	340738553	97.70	94.00	97.60	75.30	93.10	97.80	88.50	80.80	4.10	5.30	71.40	68.90	1.00	71.90	15929	2100
4672STDY7631192	mm10-1_2_0	3.0.2	3227	102442	1088	330581068	98.20	91.10	97.30	73.80	92.50	97.40	87.90	81.70	3.30	6.20	72.30	70.00	0.90	82.50	15721	3202
4672STDY7631192	mm10-3_0_0	3.0.2	3202	103242	1102	330581068	98.20	91.20	97.30	73.80	92.50	97.40	87.90	82.20	3.10	6.10	73.00	70.60	0.90	82.40	16296	3222
4672STDY7631193	mm10-1_2_0	3.0.2	4540	77554	696	352098869	98.20	92.30	97.80	78.10	94.30	98.00	90.00	82.30	3.60	6.70	72.00	69.50	1.10	82.00	15905	1735
4672STDY7631193	mm10-3_0_0	3.0.2	4558	77248	699	352098869	98.20	92.40	97.80	78.10	94.30	98.00	90.00	82.70	3.40	6.60	72.70	70.20	1.10	82.10	16503	1736
4672STDY7623907	mm10-1_2_0	3.0.2	4581	79090	655	362313286	98.70	86.10	97.90	73.50	94.50	98.00	89.90	83.50	4.10	7.20	72.20	70.10	0.70	85.10	16698	2029
4672STDY7623907	mm10-3_0_0	3.0.2	4592	78900	660	362313286	98.70	86.20	97.90	73.50	94.50	98.00	89.90	84.00	3.90	7.10	73.00	70.70	0.80	85.10	17382	2033
4672STDY7623908	mm10-1_2_0	3.0.2	3859	195148	759	753078127	98.60	92.80	98.20	83.40	95.50	98.30	93.40	86.90	4.30	7.30	75.40	73.20	0.70	85.90	16950	2429
4672STDY7623908	mm10-3_0_0	3.0.2	3857	195249	769	753078127	98.60	92.80	98.20	83.40	95.50	98.30	93.40	87.40	4.10	7.10	76.20	73.90	0.70	85.90	17677	2444
4672STDY7623909	mm10-1_2_0	3.0.2	3216	120667	888	388066314	98.80	93.30	98.40	85.10	96.50	98.50	94.80	85.40	5.40	3.90	76.10	74.40	0.50	82.00	14707	3013
4672STDY7623909	mm10-3_0_0	3.0.2	3204	121119	900	388066314	98.80	93.40	98.40	85.10	96.50	98.50	94.80	85.60	5.20	3.80	76.60	74.80	0.50	81.80	15132	3031
4672STDY7623910	mm10-1_2_0	3.0.2	3919	103765	937	406656601	98.70	91.80	98.70	84.90	97.30	98.80	95.20	86.00	5.80	4.50	75.60	73.70	0.50	81.30	15309	3088
4672STDY7623910	mm10-3_0_0	3.0.2	3910	104004	946	406656601	98.70	91.80	98.70	84.90	97.30	98.80	95.20	86.30	5.70	4.40	76.10	74.10	0.50	81.20	15816	3105
4672STDY7623911	mm10-1_2_0	3.0.2	4080	97662	781	398462469	98.70	88.00	98.60	84.50	96.50	98.70	94.40	87.90	4.30	7.40	76.20	74.10	0.70	89.30	16738	2476
4672STDY7623911	mm10-3_0_0	3.0.2	4078	97710	791	398462469	98.70	88.10	98.60	84.50	96.50	98.70	94.40	88.40	4.20	7.30	77.00	74.70	0.70	89.30	17360	2492
4672STDY7623912	mm10-1_2_0	3.0.2	4090	190339	842	778488896	98.60	92.60	98.30	84.60	96.50	98.50	94.30	88.00	4.30	7.40	76.20	74.20	0.70	88.80	16858	2615
4672STDY7623912	mm10-3_0_0	3.0.2	4089	190386	850	778488896	98.60	92.70	98.30	84.60	96.50	98.50	94.30	88.50	4.10	7.30	77.10	74.80	0.70	88.80	17599	2624
4672STDY7623913	mm10-1_2_0	3.0.2	2205	176737	806	389706966	98.70	92.00	98.50	85.20	96.50	98.60	94.50	86.70	5.60	6.20	74.80	72.80	0.60	70.20	15770	2463
4672STDY7623913	mm10-3_0_0	3.0.2	2212	176178	815	389706966	98.70	92.10	98.50	85.20	96.50	98.60	94.50	87.20	5.50	6.10	75.60	73.40	0.70	70.40	16328	2474
4672STDY7623914	mm10-1_2_0	3.0.2	6373	61524	778	392092718	98.70	86.60	98.40	86.10	96.40	98.60	95.00	87.00	3.80	6.10	77.10	75.00	0.70	88.50	16479	2431
4672STDY7623914	mm10-3_0_0	3.0.2	6366	61591	786	392092718	98.70	86.70	98.40	86.10	96.40	98.60	95.00	87.60	3.70	6.00	77.90	75.60	0.70	88.50	17166	2448
4672STDY8112878	mm10-3_0_0	3.0.2	10368	62871	2056	651854968	98.70	60.20	96.80	72.90	91.70	97.10	91.40	85.50	6.80	7.20	71.50	69.50	0.80	88.80	19551	9286
4672STDY8112879	mm10-3_0_0	3.0.2	8906	72151	1613	642581092	98.60	72.30	97.00	72.50	92.30	97.10	91.60	85.00	10.30	5.90	68.80	66.90	0.60	89.90	19324	7333
4672STDY8112880	mm10-3_0_0	3.0.2	10290	62316	1771	641233252	98.50	66.20	96.90	74.40	92.60	96.80	92.30	86.30	9.30	6.50	70.60	68.70	0.70	89.30	19131	7933
4672STDY8112881	mm10-3_0_0	3.0.2	8476	77012	1892	652758620	98.50	68.10	97.00	73.90	92.90	97.00	92.10	86.10	10.70	6.40	68.90	67.00	0.60	88.30	19413	8949
4672STDY8112882	mm10-3_0_0	3.0.2	8289	91318	1751	756937030	98.40	76.90	97.10	71.70	93.90	97.00	93.40	86.50	10.20	6.40	69.80	68.10	0.60	89.30	18738	7888
4672STDY8112883	mm10-3_0_0	3.0.2	9461	63024	1757	596272040	98.50	64.30	97.20	69.50	93.50	97.00	92.90	87.30	9.20	7.00	71.10	69.10	0.70	90.30	19146	7778
4672STDY8112884	mm10-3_0_0	3.0.2	9154	49172	1381	450122196	98.40	67.40	97.80	68.00	92.50	98.10	94.80	88.40	11.00	6.90	70.50	68.80	0.70	91.80	18843	5859
4672STDY8112885	mm10-3_0_0	3.0.2	10325	63786	1736	658596626	98.60	66.80	97.20	72.90	92.80	97.40	91.90	85.90	10.10	6.70	69.10	67.30	0.60	92.00	19483	7896
4672STDY8112974	mm10-3_0_0	3.0.2	9148	64426	1735	589375745	98.50	61.90	97.50	73.20	92.70	97.70	93.90	87.80	9.00	6.50	72.30	70.30	0.70	85.60	19379	8115
4672STDY8112975	mm10-3_0_0	3.0.2	9126	66011	1779	602420076	98.50	65.10	97.50	74.40	93.50	97.70	95.30	88.90	9.20	6.40	73.30	71.40	0.70	90.10	19452	8302
4672STDY8112976	mm10-3_0_0	3.0.2	7423	80515	1469	597663233	98.40	76.30	97.30	73.50	93.60	97.20	94.80	88.40	14.70	5.90	67.80	66.10	0.60	92.30	19342	6427
4672STDY8112977	mm10-3_0_0	3.0.2	7881	74661	1566	588410894	98.50	71.80	97.40	71.70	93.60	97.40	94.20	88.20	12.60	6.00	69.60	67.70	0.60	90.40	19228	7613
4672STDY8113070	mm10-3_0_0	3.0.2	5596	104652	1786	585634934	98.30	77.10	97.30	72.80	92.70	97.30	93.80	87.20	13.20	7.50	66.40	64.40	0.80	90.50	19741	8144
4672STDY8112979	mm10-3_0_0	3.0.2	8630	64275	1665	554697155	98.40	66.70	97.10	69.40	93.20	97.10	94.30	88.20	10.40	6.40	71.40	69.50	0.70	92.40	19921	7027
4672STDY8112980	mm10-3_0_0	3.0.2	8397	67976	1974	570798207	98.40	62.10	97.40	71.30	93.70	97.30	94.40	88.50	7.60	6.80	74.20	72.10	0.70	93.00	19884	8848
4672STDY8112981	mm10-3_0_0	3.0.2	8427	55676	1492	469182011	98.60	69.00	97.10	69.90	84.90	96.40	94.80	87.70	14.70	6.10	67.00	65.30	0.60	92.30	19201	6546
